   1.1600000e-01
   1.0433333e-01
   9.4333333e-02
   9.1000000e-02
   5.9333333e-02
   3.4333333e-02
   1.9333333e-02
   2.4333333e-02
   2.4333333e-02
   2.6000000e-02
   1.7666667e-02
   2.1000000e-02
   2.2666667e-02
   2.1000000e-02
   1.7666667e-02
   1.6000000e-02
   2.1000000e-02
   2.1000000e-02
   1.6000000e-02
   1.1000000e-02
   9.3333333e-03
   1.4333333e-02
   1.6000000e-02
   1.6000000e-02
   1.2666667e-02
   3.1000000e-02
   3.4333333e-02
   3.6000000e-02
   1.7666667e-02
   1.9333333e-02
   2.4333333e-02
   3.6000000e-02
   3.2666667e-02
   3.1000000e-02
   2.2666667e-02
   2.1000000e-02
   3.2666667e-02
   2.9333333e-02
   3.4333333e-02
   1.4333333e-02
   1.1000000e-02
   9.3333333e-03
   1.4333333e-02
   1.7666667e-02
   1.4333333e-02
   7.6666667e-03
   2.6666667e-03
   1.0000000e-03
   1.0000000e-03
   1.0000000e-03
   1.0000000e-03
   1.0000000e-03
   1.0000000e-03
   1.0000000e-03
   2.6666667e-03
   4.3333333e-03
   4.3333333e-03
   6.0000000e-03
   6.0000000e-03
   7.6666667e-03
   6.0000000e-03
   1.4333333e-02
   1.4333333e-02
   1.2666667e-02
   2.6666667e-03
   1.0000000e-03
   2.6666667e-03
   4.3333333e-03
   6.0000000e-03
   7.6666667e-03
   1.1000000e-02
   1.6000000e-02
   3.7666667e-02
   3.9333333e-02
   3.6000000e-02
   1.2666667e-02
   1.2666667e-02
   1.2666667e-02
   1.4333333e-02
   1.7666667e-02
   2.6000000e-02
   2.6000000e-02
   1.9333333e-02
   1.2666667e-02
   1.6000000e-02
   1.9333333e-02
   3.1000000e-02
   3.4333333e-02
   3.6000000e-02
   2.9333333e-02
   3.1000000e-02
   2.9333333e-02
   2.7666667e-02
   2.1000000e-02
   2.7666667e-02
   4.2666667e-02
   4.9333333e-02
   4.1000000e-02
   2.2666667e-02
   1.4333333e-02
   1.6000000e-02
   3.6000000e-02
   3.9333333e-02
   3.4333333e-02
   1.6000000e-02
   1.2666667e-02
   2.7666667e-02
   2.7666667e-02
   3.1000000e-02
   1.9333333e-02
   1.6000000e-02
   1.6000000e-02
   1.2666667e-02
   1.4333333e-02
   1.1000000e-02
   1.9333333e-02
   1.9333333e-02
   2.1000000e-02
   1.6000000e-02
   1.9333333e-02
   4.9333333e-02
   4.9333333e-02
   5.7666667e-02
   2.9333333e-02
   3.1000000e-02
   1.9333333e-02
   1.9333333e-02
   1.4333333e-02
   1.7666667e-02
   2.4333333e-02
   2.9333333e-02
   2.4333333e-02
   1.7666667e-02
   1.6000000e-02
   1.7666667e-02
   1.7666667e-02
   1.9333333e-02
   2.4333333e-02
   3.1000000e-02
   3.1000000e-02
   2.6000000e-02
   2.2666667e-02
   2.1000000e-02
   2.1000000e-02
   1.6000000e-02
   1.7666667e-02
   1.9333333e-02
   1.9333333e-02
   1.6000000e-02
   1.2666667e-02
   1.7666667e-02
   1.9333333e-02
   2.1000000e-02
   1.7666667e-02
   1.6000000e-02
   1.4333333e-02
   1.1000000e-02
