   7.6000000e-02
   8.1000000e-02
   7.6000000e-02
   5.7666667e-02
   5.7666667e-02
   5.7666667e-02
   5.7666667e-02
   4.9333333e-02
   5.2666667e-02
   4.9333333e-02
   5.6000000e-02
   4.6000000e-02
   4.4333333e-02
   4.4333333e-02
   4.9333333e-02
   4.4333333e-02
   3.7666667e-02
   4.2666667e-02
   6.1000000e-02
   8.2666667e-02
   1.0100000e-01
   9.9333333e-02
   9.2666667e-02
   9.1000000e-02
   9.1000000e-02
   7.2666667e-02
   6.4333333e-02
   7.1000000e-02
   9.6000000e-02
   8.6000000e-02
   7.1000000e-02
   4.6000000e-02
   5.2666667e-02
   6.1000000e-02
   7.1000000e-02
   7.6000000e-02
   5.7666667e-02
   6.6000000e-02
   5.4333333e-02
   8.1000000e-02
   8.2666667e-02
   7.7666667e-02
   5.7666667e-02
   4.4333333e-02
   5.9333333e-02
   1.0933333e-01
   1.5433333e-01
   1.8600000e-01
   1.7433333e-01
   1.6266667e-01
   1.4433333e-01
   1.4600000e-01
   1.4266667e-01
   1.5266667e-01
   1.5100000e-01
   1.3600000e-01
   1.1933333e-01
   8.6000000e-02
   7.9333333e-02
   6.9333333e-02
   7.2666667e-02
   5.2666667e-02
   4.9333333e-02
   8.2666667e-02
   1.3766667e-01
   1.7600000e-01
   1.7100000e-01
   1.6266667e-01
   1.5766667e-01
   1.5766667e-01
   1.5100000e-01
   1.3433333e-01
   1.0100000e-01
   8.7666667e-02
   8.2666667e-02
   1.1766667e-01
   1.2600000e-01
   1.3433333e-01
   1.3266667e-01
   1.2933333e-01
   1.2600000e-01
   1.2766667e-01
   1.4266667e-01
   1.4266667e-01
   1.3266667e-01
   1.2433333e-01
   1.0933333e-01
   1.0100000e-01
   9.2666667e-02
   1.0600000e-01
   1.0100000e-01
   9.9333333e-02
   8.2666667e-02
   9.2666667e-02
   7.4333333e-02
   6.1000000e-02
   5.4333333e-02
   7.2666667e-02
   9.2666667e-02
   1.0100000e-01
   9.2666667e-02
   7.4333333e-02
   7.6000000e-02
   1.0100000e-01
   1.2766667e-01
   1.2933333e-01
   9.9333333e-02
   8.2666667e-02
   6.6000000e-02
   7.2666667e-02
   8.2666667e-02
   8.6000000e-02
   9.7666667e-02
   9.1000000e-02
   9.6000000e-02
   7.9333333e-02
   8.6000000e-02
   7.9333333e-02
   8.4333333e-02
   8.7666667e-02
   6.4333333e-02
   8.4333333e-02
   7.4333333e-02
   9.6000000e-02
   7.7666667e-02
   8.4333333e-02
   8.9333333e-02
   1.0266667e-01
   8.9333333e-02
   6.9333333e-02
   4.9333333e-02
   5.7666667e-02
   7.9333333e-02
   8.2666667e-02
   8.2666667e-02
   6.6000000e-02
   6.7666667e-02
   5.4333333e-02
   5.2666667e-02
   5.1000000e-02
   6.2666667e-02
   5.7666667e-02
   4.4333333e-02
   2.9333333e-02
   3.2666667e-02
   3.1000000e-02
   3.1000000e-02
   3.2666667e-02
   4.9333333e-02
   6.6000000e-02
   6.9333333e-02
   6.7666667e-02
   6.2666667e-02
   6.7666667e-02
   7.2666667e-02
   8.1000000e-02
   9.1000000e-02
